1.36590171910605
3.47254598462404
3.20340387862172
1.33777560181025
3.86212877555118
1.62307783841951
3.60404950894075
3.93346473443372
1.32193564047304
1.48425202069513
2.13434152572551
2.47950585790625
2.87726769356187
4.89889922211755
2.13495758663196
3.0322506720374
3.1703268800623
2.03269523019757
2.02236777011682
5.65481676689823
4.12485127132369
3.87437823714527
1.84753504974261
1.33617914713674
2.12707440880621
2.23718371068965
2.8508624764869
3.49885317938619
1.65137500938831
2.88769089007717
0.795192289069919
6.81555940862068
2.32366640199386
2.01862998458669
1.45578143920762
1.79568834424864
1.65868813038682
2.84784801946203
1.09380444414516
1.44801807806074
4.34575947181787
1.21437123352213
3.39282246261235
0.754114394662759
3.90210894617982
1.25738231564204
2.15250488636068
2.22661308419403
2.37836450093912
1.45574887608292
0.973288970260787
2.9045840655558
1.1087109383402
2.87345646316586
0.750792102253732
5.07277757487962
1.90636912272612
2.39658074190087
1.88253250673723
0.381625906014722
2.40060126216096
2.35270255893805
1.01748294790705
1.21446584124501
1.08158314181609
2.86794297570473
1.84887178549202
1.75145612718322
1.4682047241895
1.6599977458612
2.94071951231477
4.66245356908705
1.47470458249846
2.13337230791372
0.743872273579049
2.99160436631894
1.65398787245609
1.92554936393106
2.0155875684808
2.50978447708689
2.39885776206612
1.82073238730518
5.46754917297986
4.10744502514116
2.10243486358181
4.41303983214599
2.53855698438618
1.06094218318222
3.8771273948141
1.70925581381271
0.896555393637672
2.68721157741822
1.53149409501317
3.24228604934572
2.39726061425976
2.98702682593721
1.61402263955437
0.569112897549401
3.59725660956947
3.24942856169602
0.988231608023378
0.385161810705955
1.37821569768787
3.01137394099602
2.36078105116904
1.67843527698525
2.30796991915161
2.8609866954636
2.44709091125754
1.89728151767946
0.791348706593197
1.91778458127866
1.42456857874968
2.18778029949851
0.778723717150918
1.57689130154799
1.71394371980892
3.88229705386679
4.70658712034534
1.85253832298695
1.84155132760936
0.586146207616627
2.4887437012256
3.46772412623823
3.70765520888267
1.36449356150468
2.3908001861247
4.59436734462276
0.966567400097622
2.32010394610203
1.32740471069767
3.73774311667841
1.11660535288946
2.94375924635209
3.97536629261173
0.786989639429121
1.46578536896919
1.80838602917063
2.35416734886098
4.17208080762428
3.78611101023675
2.60138401952484
1.83384266159174
1.70456842221881
1.33060433626017
3.87887256306779
1.80309149878783
3.42447945739361
2.18333751132663
2.51409954139741
2.0970461855969
2.78554849183726
1.64953841488201
1.09148703026671
4.08125661534898
1.33312389866379
3.86536005364356
1.42617934691477
0.825599376118163
0.571436818378325
3.10169668714835
3.65567692295039
2.25882770313912
2.99105904650378
3.82390405582884
2.12086499631031
1.3577495077521
3.48758011319501
1.48483968715868
2.74489419286253
0.899502377955767
5.51669781769036
2.32745777479577
4.80634585371939
1.21812877297121
1.49646078652425
1.59641288810541
3.06371422551237
1.79219708350939
1.65310697714615
5.74317688893857
1.21084242243795
2.20497838724648
1.99075850873735
1.19323748296053
2.16166132426259
1.52476076527666
3.33549018541307
3.62722562972683
1.57330397104312
3.05355979525462
0.579378302799987
1.18269052782767
5.56803068777969
2.57536171737282
0.838949088876181
1.44730047743756
1.70725824268587
1.95720747755711
4.36671859542351
2.65622359717924
2.76779087852022
3.0633242755068
2.3166940514367
3.66143520249654
1.00274033458114
1.60989679253324
4.17883707195405
4.3995324322467
0.917296356025719
1.73395943738153
3.20984983639443
1.5026529208718
2.27902457903193
2.5667777250986
4.27224919613464
0.82725197474436
4.00562681406951
2.85646239431422
2.32534620273924
2.57730992743127
1.32077681145373
3.33816907181071
0.919187986819723
1.18288883607274
1.53577017831559
0.693635276091007
3.01590111563503
1.4206759032959
2.69013778907925
3.3590233583811
1.35528790876576
2.60618284636869
3.57908886946971
3.38994178173834
2.47642401789984
2.54349343371151
3.19179007486819
1.84251661408122
4.96676608970569
2.30681769122872
5.00457163237803
2.81475555893163
0.571505883856315
1.00749241528557
2.80889527472615
1.94014715766866
2.16147739470879
4.38436831085319
3.45594829144718
3.739549338226
4.75880881452778
2.58034367234264
1.12496661111099
0.819847023243629
5.12807660861782
1.34186482626467
0.699422114278212
1.00551895598979
2.51991006370944
1.12156689383339
1.21212726749064
1.45594454180052
3.83801236666821
1.73173570756963
2.0234107999764
6.40070628299916
1.60541173716643
2.21411303971985
1.21778805078136
3.5286951631091
3.09469576272053
1.29541542849034
0.748419765429444
3.62796885491562
1.3702440830031
2.64569111824925
3.93693212549206
2.52796820877143
3.33219114559901
3.81618138192682
3.4006559801693
1.56339097666686
2.98362438987669
1.4386355798204
1.21117954799931
2.7595428515818
2.04925991772579
1.69944963233362
1.82547976245943
0.440427550071392
1.55600958256705
1.08048839799397
3.31953775316151
2.80226923746571
1.82814824915542
1.64152463317214
1.53907939288677
1.26811719672265
2.45742795368756
